[
+
0,0,4,2,0
39204,48635
32413,61153
57921,60382
64645,7586
*
+
1,0,2,4,0
12207,54911,62723,24458
64018,48955,32080,65347
*
$
2,0,4,4,1
3592078658,238689973,4019203292,4137002777
15590949,478608062,3994828839,493954949
277609227,1841533545,1275066147,1067447076
1274762063,3921094225,3119919,2076809752
-
]
[
+
0,1,4,2,0
44974,55764
32670,16289
62740,58331
64385,62260
*
+
1,1,2,4,0
32673,32288,53036,56272
64972,56191,63987,64731
*
$
2,1,4,4,1
797566814,290588140,1658444836,1845469116
2125755818,1970144159,2774970363,2892809499
1544818456,1008459045,2764937041,3011361945
1853840529,1282347244,3103586184,3358257484
-
]
[
+
0,2,4,2,0
52627,14105
40732,65514
23170,64898
28471,32400
*
+
1,2,2,4,0
24042,63533,65486,24483
59168,64621,63313,64575
*
$
2,2,4,4,1
2099822974,4255030396,44394291,2199297216
560643800,2526439054,2520296338,932840810
101970708,1370865972,1331230398,463092164
2601542982,3902568443,3915793106,2789285493
-
]
